;
;p30r34
;
;
;cd, 'gardencity'
;calibrate, '96_08_05.bsq', 92, 131
;51
;14
;4
;0
;1996
;free_lun, 1,2
;
;calibrate, '85_08_07.bsq', 92, 131
;48
;12
;4
;0
;1985
;.86
;.83
;.9
;.47
;.78
;.96
;10.68
;7.78
;9.76
;48.96
;40.42
;7.66
;free_lun, 1,2
;
;calibrate, '88_08_15.bsq', 92,131
;54
;14
;3
;0
;1988
;1.14
;1.13
;1.13
;.47
;1.15
;1.13
;-5.88
;-3.47
;-5.53
;48.94
;-18.53
;-5.97
;free_lun, 1,2
;
;;
;;p31r35
;;
;
;cd, '../dalhart'
;calibrate, '85_08_30.bsq', 129, 161
;46
;5
;3
;0
;1985
;1.08
;1.05
;1.07
;.56
;1.12
;1.08
;-6.25
;-4.63
;-6.03
;36.13
;-22.93
;-5
;free_lun, 1,2
;
;calibrate, '89_09_26.bsq', 129, 161
;45
;9
;3
;0
;1989
;.74
;.72
;.87
;.62
;.67
;.95
;19.95
;16.81
;19.09
;40.24
;70.38
;18.71
;free_lun, 1,2
;
;calibrate, '96_08_12.bsq', 129, 161
;47
;8
;3
;0
;1996
;free_lun, 1,2
;
;;
;; p33r32
;;
cd, 'stapleton'
;calibrate, '85_08_12.bsq', 171, 271
;40
;8
;2
;0
;1985
;.8
;.85
;.97
;.4
;.29
;1.01
;28.77
;19.11
;29.64
;59.07
;133.76
;32.91
;free_lun, 1,2
;
;
;calibrate, '85_08_28.bsq', 171, 271
;49
;13
;9
;0
;1985
;.81
;.82
;.91
;.35
;.26
;.88
;8.28
;4.4
;2.56
;46.57
;109.622
;5.43
;free_lun, 1,2
;
;calibrate, '89_09_24.bsq', 171, 271
;42
;11
;6
;3
;1989
;1.04
;1.04
;1.1
;.92
;.79
;1.07
;3.88
;2.23
;2.27
;13.36
;25.84
;4.7
;free_lun, 1,2
;
calibrate, '96_08_10.bsq', 171, 271
49
12
2
0
1996

;calibrate, 'sub98_08.bsq', 171, 271
;36
;12
;10
;6
;1998
;.72
;.68
;.71
;.53
;.29
;.67
;9.56
;7.99
;12.72
;28.56
;95.57
;20.22
;free_lun, 1,2
;
;calibrate, 'sub98_09.bsq', 171, 271
;37
;12
;9
;0
;1998
;.71
;.69
;.72
;.56
;.29
;.67
;10.28
;7.68
;12.47
;25.39
;97.35
;20.87
;free_lun, 1,2
;
;cd, '../sterling'
;calibrate, '85_08_12.bsq', 85,105 
;40
;8
;2
;0
;1985
;.8
;.85
;.97
;.4
;.29
;1.01
;28.77
;19.11
;29.64
;59.07
;133.76
;32.91
;free_lun, 1,2
;
;calibrate, '85_08_28.bsq', 85,105 
;49
;13
;9
;0
;1985
;.81
;.82
;.91
;.35
;.26
;.88
;8.28
;4.4
;2.56
;46.57
;109.622
;5.43
;free_lun, 1,2
;
;calibrate, '89_09_24.bsq', 85,105 
;42
;11
;6
;3
;1989
;1.04
;1.04
;1.1
;.92
;.79
;1.07
;3.88
;2.23
;2.27
;13.36
;25.84
;4.7
;free_lun, 1,2
;
;calibrate, '96_08_10.bsq', 85,105 
;49
;12
;2
;0
;1996
;free_lun, 1,2
;
;calibrate, '98_08_16.bsq', 85,105 
;36
;12
;10
;6
;1998
;.72
;.68
;.71
;.53
;.29
;.67
;9.56
;7.99
;12.72
;28.56
;95.57
;20.22
;free_lun, 1,2
;
;calibrate, '98_09_17.bsq', 85,105 
;37
;12
;9
;0
;1998
;.71
;.69
;.72
;.56
;.29
;.67
;10.28
;7.68
;12.47
;25.39
;97.35
;20.87
;free_lun, 1,2
;


exit


